10000840|10000842|10000841|22301 数学小学秋季复习章
10004604|10005784,10005785,10005786|10005783|22401  数学小学秋季常规章
10000812|10001989|10001988|20301 数学初中秋季复习章
10004366|10005493,10005494|10005486|20401 数学初中秋季常规章
10005367|10005378|10005376|21401 数学高中秋季课常规章
10003661|10003689,10003690|10003668|40301   物理秋季同步课常规章节   (~物理秋季同步课常规章节规则)  互动知识点
10003427|10003448,10003449|10003436|50301  化学秋季同步课常规章节
10000623|,10011678,10011679,10011680,10011681,10011682|,10011677  数学秋季课冲刺章
10015173|10015189|10015178|22501  数学小学寒假复习章
10011861|10011930|classIds|20403  初中数学扩展章
10015173|10015195|10015184|22502  小学寒假预习章
10015089|10015101|10015093|20501  数学寒假初中秋季复习章
10015089|10015104|10015096|20502  数学初中寒假假预习章
10015272|10015399|10015392|21501  数学高中寒假复习章
10015272|10015401|10015394|21502   数学高中预习
10015789|10015827|10015798|40401   物理预习
10015789|10015806,10015807,10015808|10015791|40402  物理复习章节
10015688|10015724|10015697|50401   化学预习
10015688|10015715,10015714,10015716|10015693|50402  化学复习章节
10016130|10016132|10016131|990101  打地基